
#### e = 1.000e-02 ####
1.000e-01 
-2.400e+00 
-1.150e+00 
-5.250e-01 
-2.125e-01 
-5.625e-02 
2.187e-02 
-1.719e-02 
2.344e-03 

#### e = 1.000e-04 ####
1.000e-01 
-2.400e+00 
-1.150e+00 
-5.250e-01 
-2.125e-01 
-5.625e-02 
2.187e-02 
-1.719e-02 
2.344e-03 
-7.422e-03 
-2.539e-03 
-9.766e-05 
1.123e-03 
5.127e-04 
2.075e-04 
5.493e-05 

#### e = 1.000e-08 ####
1.000e-01 
-2.400e+00 
-1.150e+00 
-5.250e-01 
-2.125e-01 
-5.625e-02 
2.187e-02 
-1.719e-02 
2.344e-03 
-7.422e-03 
-2.539e-03 
-9.766e-05 
1.123e-03 
5.127e-04 
2.075e-04 
5.493e-05 
-2.136e-05 
1.678e-05 
-2.289e-06 
7.248e-06 
2.480e-06 
9.537e-08 
-1.097e-06 
-5.007e-07 
-2.027e-07 
-5.364e-08 
2.086e-08 
-1.639e-08 
2.235e-09 

#### e = 1.000e-16 ####
1.000e-01 
-2.400e+00 
-1.150e+00 
-5.250e-01 
-2.125e-01 
-5.625e-02 
2.187e-02 
-1.719e-02 
2.344e-03 
-7.422e-03 
-2.539e-03 
-9.766e-05 
1.123e-03 
5.127e-04 
2.075e-04 
5.493e-05 
-2.136e-05 
1.678e-05 
-2.289e-06 
7.248e-06 
2.480e-06 
9.537e-08 
-1.097e-06 
-5.007e-07 
-2.027e-07 
-5.364e-08 
2.086e-08 
-1.639e-08 
2.235e-09 
-7.078e-09 
-2.421e-09 
-9.313e-11 
1.071e-09 
4.889e-10 
1.979e-10 
5.239e-11 
-2.037e-11 
1.601e-11 
-2.183e-12 
6.912e-12 
2.364e-12 
9.059e-14 
-1.046e-12 
-4.778e-13 
-1.936e-13 
-5.151e-14 
1.954e-14 
-1.599e-14 
1.776e-15 
-7.105e-15 
-2.665e-15 
-4.441e-16 
6.661e-16 
1.110e-16 
-1.665e-16 
-2.776e-17 

#### e = 1.000e-32 ####
1.000e-01 
-2.400e+00 
-1.150e+00 
-5.250e-01 
-2.125e-01 
-5.625e-02 
2.187e-02 
-1.719e-02 
2.344e-03 
-7.422e-03 
-2.539e-03 
-9.766e-05 
1.123e-03 
5.127e-04 
2.075e-04 
5.493e-05 
-2.136e-05 
1.678e-05 
-2.289e-06 
7.248e-06 
2.480e-06 
9.537e-08 
-1.097e-06 
-5.007e-07 
-2.027e-07 
-5.364e-08 
2.086e-08 
-1.639e-08 
2.235e-09 
-7.078e-09 
-2.421e-09 
-9.313e-11 
1.071e-09 
4.889e-10 
1.979e-10 
5.239e-11 
-2.037e-11 
1.601e-11 
-2.183e-12 
6.912e-12 
2.364e-12 
9.059e-14 
-1.046e-12 
-4.778e-13 
-1.936e-13 
-5.151e-14 
1.954e-14 
-1.599e-14 
1.776e-15 
-7.105e-15 
-2.665e-15 
-4.441e-16 
6.661e-16 
1.110e-16 
-1.665e-16 
-2.776e-17 
4.163e-17 
6.939e-18 
-1.041e-17 
-1.735e-18 
2.602e-18 
4.337e-19 
-6.505e-19 
-1.084e-19 
1.626e-19 
2.711e-20 
-4.066e-20 
-6.776e-21 
1.016e-20 
1.694e-21 
-2.541e-21 
-4.235e-22 
6.353e-22 
1.059e-22 
-1.588e-22 
-2.647e-23 
3.970e-23 
6.617e-24 
-9.926e-24 
-1.654e-24 
2.482e-24 
4.136e-25 
-6.204e-25 
-1.034e-25 
1.551e-25 
2.585e-26 
-3.877e-26 
-6.462e-27 
9.694e-27 
1.616e-27 
-2.423e-27 
-4.039e-28 
6.058e-28 
1.010e-28 
-1.515e-28 
-2.524e-29 
3.787e-29 
6.311e-30 
-9.466e-30 
-1.578e-30 
2.367e-30 
3.944e-31 
-5.916e-31 
-9.861e-32 
1.479e-31 
2.465e-32 
-3.698e-32 
-6.163e-33 
9.244e-33 

#### e = 1.000e-132 ####
1.000e-01 
-2.400e+00 
-1.150e+00 
-5.250e-01 
-2.125e-01 
-5.625e-02 
2.187e-02 
-1.719e-02 
2.344e-03 
-7.422e-03 
-2.539e-03 
-9.766e-05 
1.123e-03 
5.127e-04 
2.075e-04 
5.493e-05 
-2.136e-05 
1.678e-05 
-2.289e-06 
7.248e-06 
2.480e-06 
9.537e-08 
-1.097e-06 
-5.007e-07 
-2.027e-07 
-5.364e-08 
2.086e-08 
-1.639e-08 
2.235e-09 
-7.078e-09 
-2.421e-09 
-9.313e-11 
1.071e-09 
4.889e-10 
1.979e-10 
5.239e-11 
-2.037e-11 
1.601e-11 
-2.183e-12 
6.912e-12 
2.364e-12 
9.059e-14 
-1.046e-12 
-4.778e-13 
-1.936e-13 
-5.151e-14 
1.954e-14 
-1.599e-14 
1.776e-15 
-7.105e-15 
-2.665e-15 
-4.441e-16 
6.661e-16 
1.110e-16 
-1.665e-16 
-2.776e-17 
4.163e-17 
6.939e-18 
-1.041e-17 
-1.735e-18 
2.602e-18 
4.337e-19 
-6.505e-19 
-1.084e-19 
1.626e-19 
2.711e-20 
-4.066e-20 
-6.776e-21 
1.016e-20 
1.694e-21 
-2.541e-21 
-4.235e-22 
6.353e-22 
1.059e-22 
-1.588e-22 
-2.647e-23 
3.970e-23 
6.617e-24 
-9.926e-24 
-1.654e-24 
2.482e-24 
4.136e-25 
-6.204e-25 
-1.034e-25 
1.551e-25 
2.585e-26 
-3.877e-26 
-6.462e-27 
9.694e-27 
1.616e-27 
-2.423e-27 
-4.039e-28 
6.058e-28 
1.010e-28 
-1.515e-28 
-2.524e-29 
3.787e-29 
6.311e-30 
-9.466e-30 
-1.578e-30 
2.367e-30 
3.944e-31 
-5.916e-31 
-9.861e-32 
1.479e-31 
2.465e-32 
-3.698e-32 
-6.163e-33 
9.244e-33 
1.541e-33 
-2.311e-33 
-3.852e-34 
5.778e-34 
9.630e-35 
-1.444e-34 
-2.407e-35 
3.611e-35 
6.019e-36 
-9.028e-36 
-1.505e-36 
2.257e-36 
3.762e-37 
-5.642e-37 
-9.404e-38 
1.411e-37 
2.351e-38 
-3.526e-38 
-5.877e-39 
8.816e-39 
1.469e-39 
-2.204e-39 
-3.673e-40 
5.510e-40 
9.184e-41 
-1.378e-40 
-2.296e-41 
3.444e-41 
5.740e-42 
-8.610e-42 
-1.435e-42 
2.152e-42 
3.587e-43 
-5.381e-43 
-8.968e-44 
1.345e-43 
2.242e-44 
-3.363e-44 
-5.605e-45 
8.408e-45 
1.401e-45 
-2.102e-45 
-3.503e-46 
5.255e-46 
8.758e-47 
-1.314e-46 
-2.190e-47 
3.284e-47 
5.474e-48 
-8.211e-48 
-1.368e-48 
2.053e-48 
3.421e-49 
-5.132e-49 
-8.553e-50 
1.283e-49 
2.138e-50 
-3.207e-50 
-5.346e-51 
8.018e-51 
1.336e-51 
-2.005e-51 
-3.341e-52 
5.011e-52 
8.352e-53 
-1.253e-52 
-2.088e-53 
3.132e-53 
5.220e-54 
-7.830e-54 
-1.305e-54 
1.958e-54 
3.263e-55 
-4.894e-55 
-8.157e-56 
1.223e-55 
2.039e-56 
-3.059e-56 
-5.098e-57 
7.647e-57 
1.274e-57 
-1.912e-57 
-3.186e-58 
4.779e-58 
7.965e-59 
-1.195e-58 
-1.991e-59 
2.987e-59 
4.978e-60 
-7.468e-60 
-1.245e-60 
1.867e-60 
3.112e-61 
-4.667e-61 
-7.779e-62 
1.167e-61 
1.945e-62 
-2.917e-62 
-4.862e-63 
7.293e-63 
1.215e-63 
-1.823e-63 
-3.039e-64 
4.558e-64 
7.596e-65 
-1.139e-64 
-1.899e-65 
2.849e-65 
4.748e-66 
-7.122e-66 
-1.187e-66 
1.780e-66 
2.967e-67 
-4.451e-67 
-7.418e-68 
1.113e-67 
1.855e-68 
-2.782e-68 
-4.637e-69 
6.955e-69 
1.159e-69 
-1.739e-69 
-2.898e-70 
4.347e-70 
7.245e-71 
-1.087e-70 
-1.811e-71 
2.717e-71 
4.528e-72 
-6.792e-72 
-1.132e-72 
1.698e-72 
2.830e-73 
-4.245e-73 
-7.075e-74 
1.061e-73 
1.769e-74 
-2.653e-74 
-4.422e-75 
6.633e-75 
1.105e-75 
-1.658e-75 
-2.764e-76 
4.145e-76 
6.909e-77 
-1.036e-76 
-1.727e-77 
2.591e-77 
4.318e-78 
-6.477e-78 
-1.080e-78 
1.619e-78 
2.699e-79 
-4.048e-79 
-6.747e-80 
1.012e-79 
1.687e-80 
-2.530e-80 
-4.217e-81 
6.325e-81 
1.054e-81 
-1.581e-81 
-2.636e-82 
3.953e-82 
6.589e-83 
-9.883e-83 
-1.647e-83 
2.471e-83 
4.118e-84 
-6.177e-84 
-1.030e-84 
1.544e-84 
2.574e-85 
-3.861e-85 
-6.434e-86 
9.652e-86 
1.609e-86 
-2.413e-86 
-4.022e-87 
6.032e-87 
1.005e-87 
-1.508e-87 
-2.513e-88 
3.770e-88 
6.284e-89 
-9.425e-89 
-1.571e-89 
2.356e-89 
3.927e-90 
-5.891e-90 
-9.818e-91 
1.473e-90 
2.455e-91 
-3.682e-91 
-6.136e-92 
9.205e-92 
1.534e-92 
-2.301e-92 
-3.835e-93 
5.753e-93 
9.588e-94 
-1.438e-93 
-2.397e-94 
3.596e-94 
5.993e-95 
-8.989e-95 
-1.498e-95 
2.247e-95 
3.745e-96 
-5.618e-96 
-9.363e-97 
1.405e-96 
2.341e-97 
-3.511e-97 
-5.852e-98 
8.778e-98 
1.463e-98 
-2.195e-98 
-3.658e-99 
5.486e-99 
9.144e-100 
-1.372e-99 
-2.286e-100 
3.429e-100 
5.715e-101 
-8.572e-101 
-1.429e-101 
2.143e-101 
3.572e-102 
-5.358e-102 
-8.930e-103 
1.339e-102 
2.232e-103 
-3.349e-103 
-5.581e-104 
8.371e-104 
1.395e-104 
-2.093e-104 
-3.488e-105 
5.232e-105 
8.720e-106 
-1.308e-105 
-2.180e-106 
3.270e-106 
5.450e-107 
-8.175e-107 
-1.363e-107 
2.044e-107 
3.406e-108 
-5.110e-108 
-8.516e-109 
1.277e-108 
2.129e-109 
-3.193e-109 
-5.322e-110 
7.984e-110 
1.331e-110 
-1.996e-110 
-3.327e-111 
4.990e-111 
8.316e-112 
-1.247e-111 
-2.079e-112 
3.119e-112 
5.198e-113 
-7.797e-113 
-1.299e-113 
1.949e-113 
3.249e-114 
-4.873e-114 
-8.121e-115 
1.218e-114 
2.030e-115 
-3.046e-115 
-5.076e-116 
7.614e-116 
1.269e-116 
-1.903e-116 
-3.172e-117 
4.759e-117 
7.931e-118 
-1.190e-117 
-1.983e-118 
2.974e-118 
4.957e-119 
-7.435e-119 
-1.239e-119 
1.859e-119 
3.098e-120 
-4.647e-120 
-7.745e-121 
1.162e-120 
1.936e-121 
-2.904e-121 
-4.841e-122 
7.261e-122 
1.210e-122 
-1.815e-122 
-3.025e-123 
4.538e-123 
7.564e-124 
-1.135e-123 
-1.891e-124 
2.836e-124 
4.727e-125 
-7.091e-125 
-1.182e-125 
1.773e-125 
2.955e-126 
-4.432e-126 
-7.386e-127 
1.108e-126 
1.847e-127 
-2.770e-127 
-4.616e-128 
6.925e-128 
1.154e-128 
-1.731e-128 
-2.885e-129 
4.328e-129 
7.213e-130 
-1.082e-129 
-1.803e-130 
2.705e-130 
4.508e-131 
-6.762e-131 
-1.127e-131 
1.691e-131 
2.818e-132 
-4.227e-132 
-7.044e-133 
1.057e-132 
