
#### x = 0.500000 ####
0.500000 
-0.079560 
0.000335 
-0.000000 
0.000000 

#### x = 1.000000 ####
1.000000 
-0.570796 
0.116860 
-0.001061 
0.000000 
0.000000 
0.000000 

#### x = 1.300000 ####
1.300000 
-1.161621 
0.858896 
-0.374241 
0.034019 
-0.000026 
0.000000 
0.000000 

#### x = 1.400000 ####
1.400000 
-1.413619 
1.450129 
-1.550626 
1.847054 
-2.893562 
8.710326 
-103.249774 
16540.563827 
-429721482.896409 
290064117281182976.000000 
-132162392351099378266610396611739648.000000 
27436939143449381566980921078332076729029321915737984529598836885159936.000000 
-1182472901778944306613294818452378335268282967567198193602583865676326874370124081962469150644073001363649396144878500908455833950508741033984.000000 
2196353654303684000179689725876495103402220668800260429360635689244609752469241253898981601858701008292075888035913771191013562040137457816364157652653796354569069382312298047172421753674298765895749752814573834416466747184004275625742514810143710304711717740295627668709943493525504.000000 
-Inf 
NaN 
NaN 

#### x = 1.350000 ####
1.350000 
-1.284091 
1.124123 
-0.785872 
0.291554 
-0.016251 
0.000003 
-0.000000 
0.000000 

#### x = 1.375000 ####
1.375000 
-1.347969 
1.278979 
-1.112223 
0.763488 
-0.268695 
0.012751 
-0.000001 
0.000000 
0.000000 

#### x = 1.387500 ####
1.387500 
-1.380572 
1.362447 
-1.315673 
1.199254 
-0.936013 
0.475504 
-0.068714 
0.000216 
-0.000000 
0.000000 

#### x = 1.393750 ####
1.393750 
-1.397040 
1.405752 
-1.428975 
1.491934 
-1.670392 
2.238682 
-4.678962 
26.460614 
-1048.439571 
1724564.120986 
-4671735533049.546875 
34282807160676847007563776.000000 
-1846173992436943033037405120764315822093406094491648.000000 
5353836871379154367571657670656797769863906796927959782594295215146668032918633657841213249196648300544.000000 
-45024629283409560862326278586328978906995252970107040500038885157637215919152882420351287461029024882982885930518269293974944742147026780289465169438759274089080583700405301854337378654005268240629242003456.000000 
Inf 
NaN 
NaN 

#### x = 1.390625 ####
1.390625 
-1.388792 
1.383967 
-1.371311 
1.338431 
-1.255129 
1.057667 
-0.665685 
0.181902 
-0.003986 
0.000000 
-0.000000 
0.000000 

#### x = 1.392187 ####
1.392187 
-1.392912 
1.394826 
-1.399886 
1.413315 
-1.449309 
1.548327 
-1.839946 
2.865421 
-8.509925 
98.228031 
-14961.322959 
351578989.626431 
-194162655425234368.000000 
59217665548739788730580454869041152.000000 
-5508361608061446618834267099063967956072923774771735447007610538033152.000000 
47661176925629518363201788735627570569674936258315429919343248920534898016380218422932307322212151376944720945938867685370859115620088152064.000000 
-3568201750140671653836903283944757078314521728448168499562130937250808226799001050327690201801938975244187546219764696662726921924251304175736196157484306938264341667876628591451501974085911045564891433485791280273583844974655539144850578471165250067495798944136635717311992430592.000000 
Inf 
NaN 
